0.000	-2.746	1.507	0.000	0.000
0.000	-2.744	1.505	0.120	-0.120
0.000	-2.743	1.504	0.120	-0.120
0.000	-2.739	1.502	0.239	-0.120
0.000	-2.736	1.499	0.359	-0.239
0.000	-2.731	1.498	0.479	-0.239
0.000	-2.724	1.498	0.598	-0.120
0.000	-2.716	1.500	0.718	0.239
0.000	-2.706	1.505	0.957	0.479
0.000	-2.694	1.514	1.197	0.718
0.000	-2.679	1.524	1.436	0.957
0.000	-2.663	1.537	1.676	1.197
0.000	-2.641	1.551	1.915	1.436
0.000	-2.619	1.566	2.394	1.436
0.000	-2.591	1.581	2.753	1.436
0.000	-2.525	1.614	3.112	1.556
0.000	-2.484	1.627	3.590	1.556
0.000	-2.439	1.640	4.069	1.436
0.000	-2.390	1.650	4.668	1.197
0.000	-2.335	1.656	5.027	0.957
0.000	-2.273	1.659	5.745	0.479
0.000	-2.207	1.655	6.223	0.000
0.000	-2.134	1.644	6.941	-0.598
0.000	-2.055	1.625	7.540	-1.436
0.000	-1.969	1.596	8.258	-2.394
0.000	-1.876	1.556	8.976	-3.471
0.000	-1.671	1.350	10.412	-8.019
0.000	-1.559	1.245	11.011	-9.814
0.000	-1.439	1.121	11.848	-12.088
0.000	-1.312	0.973	12.566	-14.362
0.000	-1.033	0.800	14.242	-16.995
0.000	-0.881	0.601	15.199	-19.747
0.000	-0.719	0.376	16.157	-22.500
0.000	-0.378	-0.117	16.875	-24.295
0.000	-0.207	-0.354	17.234	-24.893
0.000	-0.041	-0.571	16.995	-23.577
0.000	0.118	-0.760	16.516	-21.064
0.000	0.270	-0.919	15.678	-18.072
0.000	0.417	-1.048	15.080	-15.199
0.000	0.558	-1.150	14.481	-11.968
0.000	0.690	-1.220	13.763	-8.856
0.000	0.814	-1.264	12.925	-5.864
0.000	0.931	-1.283	11.968	-3.231
0.000	1.038	-1.275	11.250	-0.479
0.000	1.135	-1.244	10.053	2.154
0.000	1.218	-1.189	8.737	4.668
0.000	1.287	-1.111	7.420	7.061
0.000	1.343	-1.012	5.864	9.335
0.000	1.385	-0.892	4.548	11.489
0.000	1.412	-0.753	2.992	13.643
0.000	1.412	-0.753	2.992	13.643
0.000	1.426	-0.593	1.556	15.678
0.000	1.426	-0.415	0.000	17.713
0.000	1.415	-0.219	-1.197	19.508
0.000	1.392	-0.011	-1.197	19.508
0.000	1.363	0.204	-2.154	20.824
0.000	1.331	0.421	-2.992	21.542
0.000	1.297	0.632	-3.351	21.662
0.000	1.264	0.836	-3.351	20.944
0.000	1.233	1.033	-3.231	20.346
0.000	1.203	1.220	-3.112	19.268
0.000	1.175	1.401	-2.872	18.550
0.000	1.150	1.576	-2.633	17.832
0.000	1.123	1.745	-2.633	17.234
0.000	1.100	1.914	-2.513	16.875
0.000	1.074	2.080	-2.513	16.755
0.000	1.049	2.244	-2.394	16.516
0.000	1.024	2.408	-2.513	16.276
0.000	0.998	2.575	-2.633	16.635
0.000	0.970	2.742	-2.753	16.755
0.000	0.940	2.913	-2.872	16.875
0.000	0.907	3.088	-3.231	17.354
0.000	0.871	3.265	-3.590	17.713
0.000	0.828	3.448	-4.787	18.311
0.000	0.780	3.639	-4.787	18.909
0.000	0.726	3.835	-5.505	18.909
0.000	0.664	4.043	-6.223	19.867
0.000	0.594	4.261	-7.061	20.705
0.000	0.516	4.495	-8.019	22.021
0.000	0.429	4.746	-8.976	23.577
0.000	0.330	5.022	-10.173	25.611
0.000	0.220	5.326	-11.489	28.244
0.000	0.094	5.665	-13.045	31.476
0.000	-0.045	6.038	-14.362	35.306
0.000	-0.191	6.431	-14.481	38.417
0.000	-0.329	0.377	-13.045	39.255
0.000	-0.452	0.720	-11.250	36.143
0.000	-0.557	1.025	-9.335	32.074
0.000	-0.646	1.301	-8.138	28.484
0.000	-0.646	1.552	-8.138	25.970
0.000	-0.723	1.782	-6.582	23.577
0.000	-0.785	1.987	-5.146	21.064
0.000	-0.833	2.183	-3.949	19.747
0.000	-0.871	2.373	-2.872	19.029
0.000	-0.898	2.548	-1.795	17.713
0.000	-0.916	2.716	-0.718	16.755
0.000	-0.922	2.880	-0.718	16.755
0.000	-0.922	3.035	0.120	16.276
0.000	-0.914	3.184	0.838	15.439
0.000	-0.901	3.331	1.316	15.080
0.000	-0.885	3.473	1.676	14.481
0.000	-0.865	3.612	2.035	14.122
0.000	-0.844	3.750	1.915	13.883
0.000	-0.785	3.888	2.035	13.763
0.000	-0.769	4.024	1.795	14.242
0.000	-0.754	4.164	1.556	14.601
0.000	-0.744	4.309	1.316	15.080
0.000	-0.735	4.456	0.838	16.157
0.000	-0.733	4.612	0.598	16.875
0.000	-0.734	4.776	-0.120	18.311
0.000	-0.753	5.333	-1.077	19.388
0.000	-0.769	5.546	-1.556	20.944
0.000	-0.790	5.770	-2.154	22.380
0.000	-0.834	6.239	-2.154	23.457
0.000	-0.849	6.465	-2.154	23.457
0.000	-0.853	0.207	-1.556	22.619
0.000	-0.846	0.395	-0.239	20.705
0.000	-0.823	0.560	0.957	18.550
0.000	-0.787	0.704	2.513	16.157
0.000	-0.736	0.824	3.949	13.883
0.000	-0.675	0.922	5.266	11.489
0.000	-0.599	0.997	6.582	9.096
0.000	-0.514	1.048	7.899	6.582
0.000	-0.418	1.079	8.976	4.428
0.000	-0.317	1.087	9.814	2.035
0.000	-0.209	1.074	10.651	-0.239
0.000	-0.094	1.039	11.130	-2.394
0.000	0.020	0.985	11.489	-4.787
0.000	0.137	0.914	11.609	-6.582
0.000	0.254	0.824	11.609	-8.378
0.000	0.598	0.467	11.370	-12.925
0.000	0.711	0.325	11.250	-14.122
0.000	0.821	0.175	11.011	-15.080
0.000	0.929	0.020	10.771	-15.080
0.000	1.032	-0.137	10.771	-15.558
0.000	1.130	-0.289	10.292	-15.558
0.000	1.221	-0.435	9.694	-15.199
0.000	1.306	-0.568	8.976	-14.362
0.000	1.381	-0.690	8.258	-13.165
0.000	1.448	-0.800	7.300	-11.968
0.000	1.507	-0.897	6.463	-10.532
0.000	1.557	-0.984	5.625	-9.455
0.000	1.601	-1.128	3.949	-7.181
0.000	1.636	-1.189	3.231	-6.463
0.000	1.665	-1.242	2.394	-5.505
0.000	1.686	-1.288	1.676	-4.907
0.000	1.700	-1.327	1.077	-4.189
0.000	1.708	-1.360	0.239	-3.471
0.000	1.709	-1.385	-0.479	-2.753
0.000	1.703	-1.405	-1.077	-2.154
0.000	1.690	-1.419	-1.795	-1.436
0.000	1.670	-1.426	-2.513	-0.838
0.000	1.645	-1.426	-3.231	0.000
0.000	1.612	-1.419	-3.949	0.718
0.000	1.573	-1.402	-3.949	0.718
0.000	1.527	-1.377	-4.668	1.676
0.000	1.474	-1.342	-5.266	2.633
0.000	1.415	-1.342	-5.266	2.633
0.000	1.415	-1.342	-5.266	2.633
0.000	1.350	-1.297	-6.104	3.590
0.000	1.277	-1.239	-6.702	4.787
0.000	1.196	-1.169	-7.420	6.104
0.000	1.111	-1.084	-8.138	7.420
0.000	1.018	-0.986	-8.856	8.737
0.000	0.919	-0.873	-9.455	10.412
0.000	0.813	-0.745	-10.292	11.968
0.000	0.460	-0.126	-12.088	15.917
0.000	0.336	0.031	-12.327	16.157
0.000	0.211	0.178	-12.447	16.037
0.000	0.089	0.310	-12.327	14.960
0.000	-0.030	0.426	-11.968	13.524
0.000	-0.146	0.523	-11.609	11.848
0.000	-0.256	0.602	-11.011	9.933
0.000	-0.361	0.661	-10.532	8.019
0.000	-0.460	0.702	-10.053	5.984
0.000	-0.554	0.725	-10.053	5.984
0.000	-0.554	0.725	-10.053	5.984
0.000	-0.640	0.730	-9.215	4.069
0.000	-0.720	0.718	-8.617	2.154
0.000	-0.790	0.687	-7.779	0.239
0.000	-0.853	0.640	-7.061	-1.556
0.000	-0.907	0.576	-5.984	-3.351
0.000	-0.950	0.495	-5.027	-5.266
0.000	-0.984	0.398	-4.069	-6.941
0.000	-1.008	0.287	-2.992	-8.737
0.000	-1.020	0.158	-1.795	-10.292
0.000	-1.024	0.019	-0.838	-11.848
0.000	-1.018	-0.133	0.120	-13.404
0.000	-1.004	-0.293	1.077	-14.840
0.000	-0.983	-0.459	1.915	-15.678
0.000	-0.956	-0.626	2.513	-16.396
0.000	-0.926	-0.790	2.872	-16.635
0.000	-0.860	-0.951	3.351	-16.157
0.000	-0.826	-1.106	3.351	-15.558
0.000	-0.792	-1.255	3.471	-14.960
0.000	-0.758	-1.397	3.351	-14.242
0.000	-0.724	-1.532	3.351	-14.242
0.000	-0.690	-1.661	3.351	-13.524
0.000	-0.656	-1.784	3.351	-12.806
0.000	-0.621	-1.903	3.471	-12.327
0.000	-0.547	-2.127	3.590	-11.370
0.000	-0.508	-2.233	3.830	-10.891
0.000	-0.372	-2.624	4.787	-9.335
0.000	-0.099	-2.959	5.864	-8.019
0.000	-0.038	-3.036	5.984	-7.660
0.000	0.024	-3.109	6.223	-7.420
0.000	0.087	-3.179	6.223	-7.061
0.000	0.150	-3.247	6.343	-6.822
0.000	0.211	-3.314	6.223	-6.582
0.000	0.273	-3.377	6.104	-6.343
0.000	0.332	-3.437	6.104	-6.343
0.000	0.390	-3.496	5.984	-6.104
0.000	0.444	-3.553	5.625	-5.864
0.000	0.494	-3.607	5.386	-5.625
0.000	0.539	-3.659	4.907	-5.386
0.000	0.582	-3.710	4.548	-5.266
0.000	0.618	-3.757	4.069	-4.907
0.000	0.648	-3.804	3.351	-4.787
0.000	0.674	-3.848	2.872	-4.548
0.000	0.694	-3.889	2.394	-4.308
0.000	0.707	-3.930	1.676	-4.069
0.000	0.718	-3.967	1.197	-3.830
0.000	0.721	-4.002	0.598	-3.590
0.000	0.720	-4.036	0.120	-3.471
0.000	0.715	-4.068	-0.359	-3.231
0.000	0.705	-4.098	-0.957	-3.112
0.000	0.672	-4.156	-1.795	-2.872
0.000	0.650	-4.183	-2.154	-2.753
0.000	0.625	-4.210	-2.513	-2.753
0.000	0.594	-4.237	-2.872	-2.753
0.000	0.563	-4.265	-2.872	-2.753
0.000	0.527	-4.294	-3.231	-2.753
0.000	0.489	-4.324	-3.590	-2.872
0.000	0.449	-4.357	-3.830	-3.112
0.000	0.406	-4.393	-4.069	-3.231
0.000	0.362	-4.432	-4.308	-3.590
0.000	0.317	-4.475	-4.428	-4.069
0.000	0.271	-4.524	-4.548	-4.548
0.000	0.227	-4.579	-4.428	-5.027
0.000	0.143	-4.711	-4.189	-6.582
0.000	0.106	-4.790	-3.949	-7.420
0.000	0.070	-4.878	-3.710	-8.378
0.000	0.040	-4.976	-3.112	-9.455
0.000	0.016	-5.087	-2.633	-10.532
0.000	-0.003	-5.210	-2.035	-11.968
0.000	-0.014	-5.347	-1.316	-13.284
0.000	-0.018	-5.499	-0.598	-14.840
0.000	0.049	-6.276	2.753	-20.226
0.000	0.080	-6.504	2.753	-21.782
0.000	0.113	-0.227	3.231	-22.859
0.000	0.141	-0.449	3.231	-22.859
0.000	0.161	-0.653	2.753	-21.901
0.000	0.173	-0.842	1.795	-20.226
0.000	0.175	-1.009	0.957	-18.311
0.000	0.167	-1.159	-0.120	-16.276
0.000	0.151	-1.292	-1.077	-14.242
0.000	0.127	-1.407	-2.035	-12.566
0.000	0.096	-1.510	-2.633	-11.011
0.000	0.060	-1.601	-3.351	-9.694
0.000	0.020	-1.680	-3.830	-8.378
0.000	-0.025	-1.747	-4.308	-7.181
0.000	-0.072	-1.803	-4.668	-6.104
0.000	-0.122	-1.851	-4.907	-5.027
0.000	-0.171	-1.891	-4.907	-4.189
0.000	-0.221	-1.923	-5.027	-3.351
0.000	-0.271	-1.949	-5.027	-2.633
0.000	-0.320	-1.968	-4.907	-2.035
0.000	-0.367	-1.982	-4.668	-1.316
0.000	-0.412	-1.991	-4.428	-0.957
0.000	-0.454	-1.997	-4.428	-0.957
0.000	-0.493	-1.999	-4.189	-0.598
0.000	-0.528	-1.999	-3.830	-0.239
0.000	-0.558	-1.998	-3.471	0.000
0.000	-0.586	-1.996	-2.992	0.120
0.000	-0.608	-1.992	-2.633	0.359
0.000	-0.626	-1.988	-2.154	0.359
0.000	-0.640	-1.984	-1.676	0.359
0.000	-0.648	-1.980	-1.077	0.359
0.000	-0.652	-1.977	-0.718	0.359
0.000	-0.652	-1.974	-0.120	0.359
0.000	-0.647	-1.970	0.239	0.359
0.000	-0.637	-1.968	0.838	0.239
0.000	-0.623	-1.964	1.197	0.359
0.000	-0.606	-1.960	1.676	0.359
0.000	-0.584	-1.955	2.035	0.479
0.000	-0.558	-1.949	2.513	0.598
0.000	-0.530	-1.940	2.753	0.838
0.000	-0.498	-1.930	3.112	0.957
0.000	-0.464	-1.916	3.471	1.316
0.000	-0.427	-1.900	3.710	1.676
0.000	-0.388	-1.880	3.710	1.676
0.000	-0.348	-1.854	3.830	2.035
0.000	-0.307	-1.822	4.069	2.633
0.000	-0.264	-1.786	4.189	3.231
0.000	-0.222	-1.742	4.189	3.710
0.000	-0.181	-1.690	4.189	4.668
0.000	-0.142	-1.630	3.949	5.266
0.000	-0.106	-1.562	3.949	6.343
0.000	-0.072	-1.482	3.590	7.300
0.000	-0.041	-1.391	3.231	8.378
0.000	-0.018	-1.288	2.633	9.574
0.000	0.001	-1.172	2.154	11.011
0.000	0.014	-1.042	1.556	12.447
0.000	0.019	-0.896	0.838	13.883
0.000	0.018	-0.735	0.000	15.678
0.000	0.009	-0.558	-0.718	17.234
0.000	-0.006	-0.368	-1.436	18.670
0.000	-0.025	-0.170	-1.795	19.747
0.000	-0.045	0.031	-2.035	20.106
0.000	-0.064	0.229	-1.795	19.747
0.000	-0.077	0.415	-1.316	18.670
0.000	-0.082	0.587	-1.316	18.670
0.000	-0.080	0.741	-0.479	17.114
0.000	-0.054	0.881	0.239	15.439
0.000	-0.031	1.007	0.957	13.763
0.000	0.068	1.370	3.471	8.138
0.000	0.108	1.433	3.830	6.822
0.000	0.151	1.485	4.069	5.864
0.000	0.196	1.528	4.428	4.907
0.000	0.240	1.565	4.428	3.830
0.000	0.285	1.593	4.548	3.231
0.000	0.329	1.615	4.428	2.394
0.000	0.372	1.631	4.308	1.795
0.000	0.452	1.649	3.949	0.718
0.000	0.489	1.652	3.590	0.479
0.000	0.522	1.652	3.351	0.000
0.000	0.550	1.650	2.992	-0.239
0.000	0.577	1.646	2.633	-0.359
0.000	0.598	1.640	2.633	-0.359
0.000	0.616	1.634	2.035	-0.598
0.000	0.642	1.611	0.838	-0.718
0.000	0.642	1.602	0.359	-0.838
0.000	0.637	1.593	-0.120	-0.838
0.000	0.630	1.585	-0.598	-0.838
0.000	0.618	1.575	-0.838	-0.957
0.000	0.603	1.563	-1.316	-1.077
0.000	0.584	1.549	-1.676	-1.197
0.000	0.563	1.533	-2.035	-1.436
0.000	0.539	1.516	-2.274	-1.795
0.000	0.513	1.494	-2.513	-1.915
0.000	0.485	1.469	-2.753	-2.394
0.000	0.455	1.439	-2.992	-2.872
0.000	0.423	1.405	-2.992	-3.351
0.000	0.392	1.365	-3.231	-3.830
0.000	0.361	1.318	-3.112	-4.548
0.000	0.330	1.264	-3.112	-5.266
0.000	0.300	1.203	-2.992	-6.104
0.000	0.271	1.133	-2.992	-6.104
0.000	0.245	1.054	-2.872	-6.941
0.000	0.222	0.965	-2.513	-8.019
0.000	0.202	0.866	-2.274	-8.976
0.000	0.187	0.754	-1.915	-10.173
0.000	0.176	0.631	-1.556	-11.370
0.000	0.168	0.496	-0.957	-12.566
0.000	0.166	0.351	-0.598	-13.883
0.000	0.167	0.195	-0.120	-14.960
0.000	0.171	0.033	0.239	-15.798
0.000	0.173	-0.131	0.359	-16.396
0.000	0.175	-0.290	0.239	-16.157
0.000	0.172	-0.442	0.000	-15.558
0.000	0.165	-0.584	-0.598	-14.601
0.000	0.152	-0.714	-1.197	-13.404
0.000	0.132	-0.829	-1.676	-11.968
0.000	0.108	-0.934	-2.274	-10.651
0.000	0.078	-1.023	-2.992	-9.335
0.000	0.043	-1.100	-3.471	-7.899
0.000	0.004	-1.165	-3.830	-6.582
0.000	-0.040	-1.218	-4.308	-5.386
0.000	-0.085	-1.260	-4.548	-5.386
0.000	-0.134	-1.292	-4.548	-4.308
0.000	-0.183	-1.314	-4.907	-3.112
0.000	-0.234	-1.328	-4.907	-2.154
0.000	-0.285	-1.335	-5.027	-1.197
0.000	-0.334	-1.333	-5.146	-0.479
0.000	-0.383	-1.324	-4.907	0.239
0.000	-0.431	-1.311	-4.907	1.077
0.000	-0.476	-1.292	-4.668	1.556
0.000	-0.519	-1.269	-4.428	2.035
0.000	-0.559	-1.243	-4.189	2.394
0.000	-0.597	-1.215	-3.830	2.753
0.000	-0.631	-1.184	-3.471	2.992
0.000	-0.660	-1.152	-3.231	3.112
0.000	-0.686	-1.120	-2.753	3.231
0.000	-0.709	-1.086	-2.274	3.351
0.000	-0.728	-1.052	-2.035	3.471
0.000	-0.743	-1.018	-1.556	3.351
0.000	-0.753	-0.984	-1.077	3.351
0.000	-0.760	-0.951	-0.718	3.351
0.000	-0.763	-0.917	-0.359	3.351
0.000	-0.763	-0.885	0.000	3.231
0.000	-0.759	-0.851	0.000	3.231
0.000	-0.751	-0.818	0.359	3.351
0.000	-0.741	-0.818	0.359	3.351
0.000	-0.729	-0.784	0.838	3.351
0.000	-0.713	-0.749	0.957	3.471
0.000	-0.694	-0.713	1.436	3.471
0.000	-0.672	-0.675	1.676	3.710
0.000	-0.648	-0.637	1.915	3.710
0.000	-0.623	-0.597	2.274	3.830
0.000	-0.594	-0.555	2.394	4.069
0.000	-0.564	-0.513	2.753	4.189
0.000	-0.533	-0.467	2.872	4.428
0.000	-0.499	-0.421	3.112	4.548
0.000	-0.464	-0.372	3.231	4.787
0.000	-0.429	-0.322	3.471	5.027
0.000	-0.391	-0.270	3.590	5.146
0.000	-0.352	-0.216	3.710	5.266
0.000	-0.313	-0.162	3.830	5.505
0.000	-0.271	-0.107	3.949	5.386
0.000	-0.229	-0.054	4.069	5.386
0.000	-0.183	-0.001	4.308	5.266
0.000	-0.138	0.049	4.428	5.027
0.000	-0.090	0.096	4.428	5.027
0.000	-0.040	0.139	4.668	4.668
0.000	0.010	0.178	4.787	4.308
0.000	0.063	0.214	4.907	3.830
0.000	0.116	0.244	5.146	3.471
0.000	0.171	0.269	5.266	2.872
0.000	0.225	0.290	5.386	2.513
0.000	0.279	0.307	5.386	1.915
0.000	0.333	0.319	5.505	1.436
0.000	0.538	0.337	4.907	0.000
0.000	0.584	0.334	4.787	-0.120
0.000	0.706	0.327	3.830	-0.239
0.000	0.740	0.325	3.351	-0.120
0.000	0.818	0.332	2.513	0.120
0.000	0.836	0.338	2.274	0.479
0.000	0.848	0.347	1.676	0.598
0.000	0.857	0.358	1.197	0.957
0.000	0.862	0.372	0.838	1.197
0.000	0.862	0.390	0.359	1.556
0.000	0.857	0.408	-0.120	1.676
0.000	0.848	0.430	-0.598	2.035
0.000	0.836	0.452	-1.077	2.154
0.000	0.774	0.527	-2.274	2.513
0.000	0.746	0.552	-2.633	2.513
0.000	0.716	0.577	-2.872	2.394
0.000	0.682	0.599	-3.351	2.394
0.000	0.646	0.621	-3.471	2.274
0.000	0.608	0.640	-3.830	1.915
0.000	0.568	0.655	-3.949	1.676
0.000	0.527	0.667	-4.189	1.197
0.000	0.483	0.675	-4.308	0.718
0.000	0.439	0.677	-4.428	0.359
0.000	0.395	0.674	-4.428	0.359
0.000	0.349	0.665	-4.428	-0.359
0.000	0.305	0.650	-4.428	-0.957
0.000	0.261	0.627	-4.428	-1.556
0.000	0.219	0.597	-4.428	-2.394
0.000	0.177	0.558	-4.189	-3.231
0.000	0.138	0.511	-4.069	-3.949
0.000	0.102	0.457	-3.830	-4.907
0.000	0.068	0.393	-3.590	-5.864
0.000	0.035	0.323	-3.351	-6.582
0.000	0.006	0.245	-2.992	-7.420
0.000	-0.020	0.161	-2.872	-8.019
0.000	-0.045	0.072	-2.513	-8.737
0.000	-0.069	-0.020	-2.394	-9.096
0.000	-0.090	-0.114	-2.274	-9.335
0.000	-0.113	-0.207	-2.154	-9.455
0.000	-0.134	-0.300	-2.154	-9.215
0.000	-0.157	-0.388	-2.274	-8.976
0.000	-0.181	-0.474	-2.274	-8.497
0.000	-0.205	-0.553	-2.394	-8.019
0.000	-0.230	-0.626	-2.513	-7.420
0.000	-0.256	-0.694	-2.633	-7.420
0.000	-0.283	-0.755	-2.633	-6.702
0.000	-0.310	-0.811	-2.753	-6.104
0.000	-0.337	-0.860	-2.633	-5.386
0.000	-0.364	-0.904	-2.753	-4.907
0.000	-0.391	-0.941	-2.753	-4.308
0.000	-0.417	-0.976	-2.633	-3.710
0.000	-0.442	-1.005	-2.633	-3.231
0.000	-0.466	-1.030	-2.394	-2.872
0.000	-0.488	-1.053	-2.274	-2.394
0.000	-0.508	-1.072	-2.154	-2.035
0.000	-0.525	-1.088	-1.915	-1.795
0.000	-0.540	-1.102	-1.556	-1.556
0.000	-0.553	-1.115	-1.316	-1.197
0.000	-0.563	-1.125	-1.077	-1.197
0.000	-0.569	-1.135	-0.838	-0.957
0.000	-0.572	-1.142	-0.359	-0.718
0.000	-0.573	-1.149	-0.120	-0.718
0.000	-0.571	-1.154	0.239	-0.479
0.000	-0.564	-1.157	0.479	-0.359
0.000	-0.555	-1.159	0.838	-0.239
0.000	-0.544	-1.159	1.197	0.000
0.000	-0.530	-1.156	1.197	0.000
0.000	-0.514	-1.151	1.316	0.239
0.000	-0.496	-1.145	1.676	0.479
0.000	-0.475	-1.133	1.915	0.838
0.000	-0.454	-1.120	2.035	1.077
0.000	-0.430	-1.101	2.274	1.556
0.000	-0.405	-1.078	2.394	1.915
0.000	-0.380	-1.051	2.513	2.394
0.000	-0.353	-1.018	2.633	2.992
0.000	-0.327	-0.979	2.633	3.590
0.000	-0.300	-0.934	2.633	4.189
0.000	-0.275	-0.881	2.513	4.907
0.000	-0.251	-0.822	2.513	5.625
0.000	-0.227	-0.755	2.274	6.343
0.000	-0.206	-0.682	2.274	7.181
0.000	-0.187	-0.601	2.035	7.899
0.000	-0.170	-0.511	1.795	8.737
0.000	-0.153	-0.416	1.556	9.335
0.000	-0.138	-0.315	1.556	10.053
0.000	-0.126	-0.210	1.316	10.532
0.000	-0.113	-0.102	1.197	10.891
0.000	-0.101	0.006	1.197	10.891
0.000	-0.085	0.113	1.316	10.771
0.000	-0.070	0.216	1.436	10.651
0.000	-0.052	0.313	1.676	10.173
0.000	-0.030	0.402	1.795	9.574
0.000	-0.006	0.485	2.154	8.856
0.000	0.020	0.558	2.513	7.899
0.000	0.050	0.623	2.753	7.061
0.000	0.082	0.679	3.112	6.223
0.000	0.117	0.726	3.351	5.146
0.000	0.153	0.767	3.590	4.428
0.000	0.191	0.798	3.710	3.471
0.000	0.230	0.822	3.830	2.753
0.000	0.269	0.838	3.949	1.915
0.000	0.309	0.849	3.830	1.316
0.000	0.347	0.855	3.949	0.598
0.000	0.386	0.855	3.830	0.120
0.000	0.422	0.849	3.710	-0.359
0.000	0.456	0.842	3.471	-0.718
0.000	0.489	0.831	3.231	-1.197
0.000	0.520	0.799	3.112	-1.436
0.000	0.548	0.782	3.112	-1.436
0.000	0.573	0.762	2.753	-1.556
0.000	0.596	0.741	2.513	-1.915
0.000	0.616	0.719	2.274	-1.915
0.000	0.632	0.697	1.795	-2.154
0.000	0.645	0.675	1.676	-2.154
0.000	0.655	0.652	1.197	-2.154
0.000	0.661	0.630	0.838	-2.274
0.000	0.665	0.607	0.598	-2.274
0.000	0.655	0.562	-0.120	-2.274
0.000	0.647	0.537	-0.479	-2.274
0.000	0.635	0.513	-0.838	-2.394
0.000	0.621	0.486	-0.957	-2.394
0.000	0.604	0.459	-1.316	-2.633
0.000	0.587	0.430	-1.556	-2.633
0.000	0.567	0.400	-1.795	-2.872
0.000	0.520	0.299	-2.394	-3.351
0.000	0.495	0.261	-2.513	-3.590
0.000	0.467	0.221	-2.513	-3.590
0.000	0.411	0.181	-2.753	-3.949
0.000	0.380	0.138	-2.992	-4.189
0.000	0.348	0.096	-3.112	-4.189
0.000	0.315	0.050	-3.112	-4.428
0.000	0.283	0.006	-3.231	-4.428
0.000	0.248	-0.039	-3.471	-4.428
0.000	0.212	-0.084	-3.471	-4.548
0.000	0.176	-0.127	-3.590	-4.428
0.000	0.138	-0.170	-3.710	-4.189
0.000	0.101	-0.210	-3.710	-4.189
0.000	0.060	-0.246	-3.949	-3.830
0.000	0.020	-0.281	-4.069	-3.590
0.000	-0.021	-0.313	-4.069	-3.231
0.000	-0.064	-0.341	-4.189	-2.872
0.000	-0.107	-0.366	-4.189	-2.633
0.000	-0.150	-0.387	-4.308	-2.154
0.000	-0.192	-0.405	-4.308	-1.795
0.000	-0.235	-0.418	-4.308	-1.556
0.000	-0.278	-0.431	-4.308	-1.197
0.000	-0.319	-0.440	-4.308	-1.197
0.000	-0.359	-0.446	-4.189	-0.838
0.000	-0.400	-0.451	-3.949	-0.718
0.000	-0.437	-0.454	-3.949	-0.359
0.000	-0.472	-0.455	-3.710	-0.239
0.000	-0.506	-0.456	-3.590	-0.120
0.000	-0.538	-0.456	-3.231	-0.120
0.000	-0.565	-0.456	-3.112	0.000
0.000	-0.592	-0.456	-2.753	0.000
0.000	-0.613	-0.457	-2.394	-0.120
0.000	-0.633	-0.460	-2.035	-0.120
0.000	-0.648	-0.464	-1.795	-0.359
0.000	-0.661	-0.469	-1.316	-0.359
0.000	-0.669	-0.475	-0.957	-0.598
0.000	-0.669	-0.483	-0.957	-0.598
0.000	-0.674	-0.493	-0.598	-0.718
0.000	-0.675	-0.504	-0.239	-0.957
0.000	-0.672	-0.516	0.120	-1.077
0.000	-0.666	-0.529	0.598	-1.197
0.000	-0.657	-0.543	0.838	-1.316
0.000	-0.645	-0.557	1.316	-1.316
0.000	-0.628	-0.569	1.556	-1.316
0.000	-0.609	-0.583	1.795	-1.316
0.000	-0.588	-0.597	1.795	-1.436
0.000	-0.564	-0.608	2.154	-1.316
0.000	-0.537	-0.618	2.513	-1.316
0.000	-0.508	-0.626	2.753	-1.077
0.000	-0.478	-0.632	2.872	-0.957
0.000	-0.445	-0.635	3.231	-0.838
0.000	-0.411	-0.633	3.231	-0.479
0.000	-0.376	-0.628	3.471	-0.120
0.000	-0.339	-0.618	3.471	0.239
0.000	-0.303	-0.604	3.590	0.718
0.000	-0.268	-0.586	3.710	1.197
0.000	-0.231	-0.562	3.590	1.676
0.000	-0.195	-0.562	3.590	2.154
0.000	-0.160	-0.532	3.590	2.872
0.000	-0.126	-0.496	3.351	3.351
0.000	-0.093	-0.455	3.351	3.949
0.000	-0.062	-0.357	3.231	4.548
0.000	-0.031	-0.299	2.992	5.146
0.000	-0.003	-0.238	2.872	5.625
0.000	0.024	-0.173	2.753	5.984
0.000	0.050	-0.106	2.513	6.582
0.000	0.074	-0.036	2.513	6.582
0.000	0.098	0.033	2.394	6.702
0.000	0.121	0.103	2.394	6.941
0.000	0.143	0.170	2.274	6.941
0.000	0.166	0.235	2.274	6.941
0.000	0.188	0.297	2.274	6.702
0.000	0.211	0.354	2.274	6.463
0.000	0.235	0.408	2.274	5.984
0.000	0.258	0.459	2.274	5.625
0.000	0.281	0.504	2.394	5.266
0.000	0.304	0.545	2.274	4.787
0.000	0.328	0.583	2.394	4.308
0.000	0.351	0.616	2.274	3.830
0.000	0.372	0.646	2.274	3.471
0.000	0.393	0.672	2.035	3.112
0.000	0.413	0.695	2.035	2.753
0.000	0.432	0.715	1.915	2.274
0.000	0.450	0.733	1.795	2.154
0.000	0.465	0.748	1.556	1.676
0.000	0.478	0.760	1.316	1.556
0.000	0.489	0.772	1.077	1.316
0.000	0.498	0.780	1.077	1.316
0.000	0.511	0.793	0.359	0.718
0.000	0.511	0.797	0.120	0.479
0.000	0.508	0.798	-0.120	0.359
0.000	0.503	0.798	-0.359	0.120
0.000	0.496	0.795	-0.598	0.000
0.000	0.486	0.790	-0.718	-0.359
0.000	0.475	0.783	-1.077	-0.598
0.000	0.462	0.773	-1.197	-0.957
0.000	0.449	0.759	-1.316	-1.197
0.000	0.432	0.741	-1.556	-1.556
0.000	0.416	0.721	-1.676	-1.915
0.000	0.397	0.697	-1.795	-2.274
0.000	0.378	0.669	-1.795	-2.753
0.000	0.359	0.636	-1.915	-3.231
0.000	0.339	0.598	-2.035	-3.590
0.000	0.300	0.555	-1.915	-4.189
0.000	0.281	0.508	-1.915	-4.668
0.000	0.263	0.456	-1.915	-5.266
0.000	0.245	0.337	-1.915	-5.745
0.000	0.227	0.270	-1.795	-6.223
0.000	0.210	0.199	-1.676	-6.702
0.000	0.194	0.124	-1.676	-7.181
0.000	0.177	0.048	-1.676	-7.540
0.000	0.161	-0.030	-1.676	-7.660
0.000	0.145	-0.108	-1.556	-7.779
0.000	0.127	-0.185	-1.795	-7.779
0.000	0.107	-0.259	-1.795	-7.540
0.000	0.087	-0.329	-2.035	-7.300
0.000	0.064	-0.396	-2.035	-6.822
0.000	0.040	-0.456	-2.394	-6.343
0.000	0.014	-0.511	-2.513	-5.745
0.000	-0.014	-0.560	-2.753	-5.146
0.000	-0.044	-0.603	-2.872	-4.428
0.000	-0.074	-0.640	-3.112	-3.710
0.000	-0.107	-0.670	-3.231	-3.112
0.000	-0.139	-0.694	-3.351	-2.513
0.000	-0.173	-0.713	-3.351	-1.915
0.000	-0.207	-0.725	-3.351	-1.316
0.000	-0.241	-0.734	-3.351	-1.316
0.000	-0.275	-0.738	-3.471	-0.838
0.000	-0.308	-0.738	-3.351	-0.359
0.000	-0.341	-0.734	-3.231	0.000
0.000	-0.371	-0.726	-3.231	0.479
0.000	-0.400	-0.716	-2.992	0.718
0.000	-0.427	-0.704	-2.872	1.077
0.000	-0.452	-0.690	-2.633	1.316
0.000	-0.475	-0.674	-2.394	1.556
0.000	-0.496	-0.657	-2.274	1.556
0.000	-0.514	-0.640	-1.915	1.795
0.000	-0.529	-0.622	-1.676	1.795
0.000	-0.542	-0.603	-1.316	1.795
0.000	-0.550	-0.584	-1.077	1.795
0.000	-0.558	-0.567	-0.718	1.915
0.000	-0.560	-0.548	-0.479	1.795
0.000	-0.562	-0.532	-0.120	1.676
0.000	-0.559	-0.514	0.239	1.795
0.000	-0.554	-0.496	0.359	1.676
0.000	-0.547	-0.479	0.838	1.676
0.000	-0.537	-0.462	0.957	1.795
0.000	-0.524	-0.444	0.957	1.795
0.000	-0.509	-0.426	1.316	1.795
0.000	-0.493	-0.407	1.436	1.915
0.000	-0.474	-0.387	1.676	1.915
0.000	-0.452	-0.367	1.915	1.915
0.000	-0.430	-0.346	2.154	2.035
0.000	-0.406	-0.323	2.274	2.154
0.000	-0.381	-0.300	2.513	2.154
0.000	-0.353	-0.276	2.513	2.394
0.000	-0.325	-0.251	2.872	2.394
0.000	-0.295	-0.226	2.872	2.513
0.000	-0.265	-0.200	2.992	2.633
0.000	-0.232	-0.173	3.112	2.633
0.000	-0.201	-0.146	3.231	2.753
0.000	-0.167	-0.119	3.351	2.633
0.000	-0.133	-0.092	3.351	2.753
0.000	-0.098	-0.065	3.471	2.753
0.000	-0.063	-0.038	3.471	2.633
0.000	-0.028	-0.011	3.590	2.633
0.000	0.008	0.014	3.471	2.633
0.000	0.044	0.040	3.590	2.513
0.000	0.079	0.064	3.590	2.513
0.000	0.116	0.088	3.590	2.394
0.000	0.151	0.109	3.590	2.394
0.000	0.185	0.131	3.471	2.154
0.000	0.220	0.151	3.471	2.154
0.000	0.253	0.170	3.471	1.915
0.000	0.285	0.187	3.351	1.915
0.000	0.317	0.204	3.231	1.676
0.000	0.347	0.220	3.112	1.676
0.000	0.376	0.235	2.992	1.556
0.000	0.403	0.250	2.753	1.436
0.000	0.429	0.264	2.513	1.436
0.000	0.451	0.278	2.394	1.436
0.000	0.471	0.292	2.154	1.436
0.000	0.490	0.307	1.915	1.436
0.000	0.505	0.320	1.676	1.436
0.000	0.519	0.334	1.436	1.316
0.000	0.530	0.348	1.077	1.436
0.000	0.538	0.363	0.838	1.436
0.000	0.543	0.378	0.598	1.556
0.000	0.547	0.392	0.359	1.436
0.000	0.547	0.407	0.000	1.436
0.000	0.547	0.407	0.000	1.436
0.000	0.547	0.407	0.000	1.436
0.000	0.544	0.422	0.000	1.436
0.000	0.539	0.436	-0.239	1.436
0.000	0.533	0.449	-0.479	1.436
0.000	0.523	0.460	-0.718	1.316
0.000	0.511	0.471	-1.077	1.077
0.000	0.498	0.480	-1.197	1.077
0.000	0.483	0.488	-1.316	0.838
0.000	0.447	0.498	-1.795	0.479
0.000	0.427	0.499	-2.035	0.239
0.000	0.358	0.486	-2.394	-0.598
0.000	0.333	0.476	-2.394	-0.957
0.000	0.308	0.462	-2.513	-1.197
0.000	0.258	0.422	-2.633	-2.035
0.000	0.231	0.396	-2.513	-2.513
0.000	0.206	0.366	-2.513	-3.112
0.000	0.182	0.330	-2.394	-3.471
0.000	0.158	0.292	-2.394	-3.949
0.000	0.134	0.248	-2.394	-3.949
0.000	0.112	0.200	-2.394	-4.308
0.000	0.090	0.148	-2.154	-4.787
0.000	0.070	0.094	-2.154	-5.146
0.000	0.050	0.038	-2.154	-5.505
0.000	0.030	-0.020	-2.035	-5.745
0.000	0.010	-0.079	-1.915	-5.745
0.000	-0.010	-0.138	-1.915	-5.745
0.000	-0.049	-0.253	-2.035	-5.505
0.000	-0.069	-0.308	-2.035	-5.386
0.000	-0.090	-0.359	-2.154	-4.907
0.000	-0.111	-0.408	-2.154	-4.668
0.000	-0.132	-0.495	-2.035	-4.308
0.000	-0.155	-0.533	-2.274	-3.830
0.000	-0.176	-0.567	-2.154	-3.471
0.000	-0.283	-0.646	-2.035	-2.035
0.000	-0.302	-0.666	-2.035	-2.035
0.000	-0.320	-0.682	-1.915	-1.676
0.000	-0.337	-0.696	-1.795	-1.316
0.000	-0.353	-0.706	-1.676	-0.957
0.000	-0.367	-0.714	-1.556	-0.718
0.000	-0.381	-0.720	-1.436	-0.598
0.000	-0.391	-0.724	-1.197	-0.239
0.000	-0.401	-0.724	-1.077	0.000
0.000	-0.407	-0.724	-0.838	0.120
0.000	-0.412	-0.721	-0.598	0.239
0.000	-0.416	-0.718	-0.479	0.598
0.000	-0.417	-0.711	-0.239	0.598
0.000	-0.416	-0.704	0.000	0.838
0.000	-0.413	-0.684	0.239	0.957
0.000	-0.410	-0.671	0.359	1.316
0.000	-0.403	-0.656	0.479	1.436
0.000	-0.397	-0.638	0.718	1.676
0.000	-0.388	-0.618	0.838	1.915
0.000	-0.378	-0.596	0.957	2.274
0.000	-0.367	-0.571	1.077	2.513
0.000	-0.356	-0.543	1.197	2.753
0.000	-0.342	-0.511	1.197	2.753
0.000	-0.329	-0.479	1.316	3.112
0.000	-0.314	-0.442	1.316	3.351
0.000	-0.300	-0.403	1.436	3.590
0.000	-0.284	-0.362	1.556	3.949
0.000	-0.268	-0.319	1.556	4.189
0.000	-0.251	-0.274	1.556	4.308
0.000	-0.234	-0.227	1.676	4.548
0.000	-0.216	-0.180	1.795	4.668
0.000	-0.197	-0.132	1.915	4.787
0.000	-0.177	-0.084	1.915	4.787
0.000	-0.157	-0.036	1.915	4.787
0.000	-0.136	0.009	2.154	4.668
0.000	-0.112	0.054	2.274	4.548
0.000	-0.089	0.096	2.394	4.308
0.000	-0.064	0.136	2.394	3.949
0.000	-0.038	0.172	2.633	3.830
0.000	-0.010	0.206	2.633	3.351
0.000	0.018	0.236	2.872	3.112
0.000	0.046	0.264	2.872	2.753
0.000	0.075	0.287	2.872	2.394
0.000	0.106	0.307	2.872	2.394
0.000	0.136	0.324	2.992	2.035
0.000	0.166	0.337	2.992	1.676
0.000	0.197	0.347	3.112	1.197
0.000	0.227	0.353	2.992	0.957
0.000	0.256	0.357	2.992	0.598
0.000	0.285	0.359	2.992	0.359
0.000	0.314	0.358	2.872	0.120
0.000	0.341	0.356	2.753	-0.120
0.000	0.366	0.352	2.633	-0.359
0.000	0.390	0.347	2.394	-0.359
0.000	0.411	0.342	2.274	-0.598
0.000	0.431	0.336	2.035	-0.598
0.000	0.447	0.329	1.915	-0.598
0.000	0.462	0.322	1.556	-0.718
0.000	0.486	0.310	1.077	-0.598
0.000	0.493	0.304	0.838	-0.598
0.000	0.498	0.299	0.479	-0.479
0.000	0.500	0.294	0.239	-0.479
0.000	0.500	0.290	0.000	-0.479
0.000	0.498	0.287	-0.239	-0.479
0.000	0.493	0.284	-0.239	-0.359
0.000	0.485	0.280	-0.598	-0.359
0.000	0.475	0.276	-0.718	-0.359
0.000	0.464	0.271	-1.077	-0.359
0.000	0.464	0.271	-1.077	-0.359
0.000	0.450	0.266	-1.077	-0.479
0.000	0.435	0.261	-1.436	-0.479
0.000	0.417	0.255	-1.676	-0.479
0.000	0.398	0.249	-1.676	-0.718
0.000	0.378	0.240	-1.915	-0.718
0.000	0.357	0.231	-2.154	-0.838
0.000	0.334	0.221	-2.154	-1.197
0.000	0.310	0.209	-2.394	-1.197
0.000	0.285	0.195	-2.394	-1.556
0.000	0.260	0.180	-2.513	-1.676
0.000	0.235	0.162	-2.633	-1.795
0.000	0.209	0.143	-2.513	-2.035
0.000	0.182	0.122	-2.753	-2.274
0.000	0.156	0.099	-2.633	-2.394
0.000	0.128	0.075	-2.633	-2.633
0.000	0.102	0.049	-2.633	-2.753
0.000	0.075	0.021	-2.633	-2.753
0.000	0.050	-0.008	-2.633	-2.872
0.000	0.024	-0.036	-2.633	-2.992
0.000	-0.001	-0.068	-2.633	-3.112
0.000	-0.028	-0.098	-2.513	-3.112
0.000	-0.053	-0.129	-2.513	-2.992
0.000	-0.077	-0.161	-2.513	-3.112
0.000	-0.101	-0.191	-2.394	-2.992
0.000	-0.124	-0.221	-2.394	-2.992
0.000	-0.171	-0.250	-2.394	-2.872
0.000	-0.192	-0.279	-2.274	-2.872
0.000	-0.214	-0.307	-2.274	-2.633
0.000	-0.234	-0.332	-2.154	-2.513
0.000	-0.253	-0.357	-2.035	-2.394
0.000	-0.271	-0.381	-1.915	-2.274
0.000	-0.288	-0.402	-1.915	-2.154
0.000	-0.304	-0.423	-1.676	-1.915
0.000	-0.332	-0.476	-1.436	-1.676
0.000	-0.344	-0.493	-1.077	-1.556
0.000	-0.354	-0.505	-1.077	-1.316
0.000	-0.363	-0.518	-1.077	-1.316
0.000	-0.369	-0.529	-0.838	-1.316
0.000	-0.374	-0.540	-0.718	-1.197
0.000	-0.378	-0.549	-0.479	-0.957
0.000	-0.380	-0.564	-0.120	-0.718
0.000	-0.377	-0.569	0.120	-0.718
0.000	-0.373	-0.574	0.239	-0.479
0.000	-0.368	-0.576	0.359	-0.239
0.000	-0.362	-0.576	0.598	-0.120
0.000	-0.353	-0.573	0.718	0.120
0.000	-0.323	-0.553	1.077	0.838
0.000	-0.310	-0.542	1.197	1.197
0.000	-0.298	-0.527	1.197	1.316
0.000	-0.284	-0.509	1.436	1.676
0.000	-0.269	-0.489	1.436	1.915
0.000	-0.254	-0.467	1.556	2.154
0.000	-0.239	-0.442	1.556	2.513
0.000	-0.222	-0.413	1.556	2.872
0.000	-0.206	-0.382	1.556	2.872
0.000	-0.190	-0.349	1.676	2.992
0.000	-0.173	-0.313	1.556	3.351
0.000	-0.156	-0.275	1.676	3.710
0.000	-0.139	-0.235	1.676	3.830
0.000	-0.122	-0.194	1.676	3.949
0.000	-0.106	-0.151	1.795	4.308
0.000	-0.088	-0.107	1.676	4.308
0.000	-0.070	-0.063	1.676	4.308
0.000	-0.053	-0.019	1.795	4.548
0.000	-0.035	0.025	1.795	4.308
0.000	-0.016	0.068	1.795	4.308
0.000	0.003	0.109	1.915	4.189
0.000	0.021	0.148	1.915	4.069
0.000	0.041	0.186	1.915	3.830
0.000	0.062	0.221	1.915	3.471
0.000	0.082	0.253	2.154	3.351
0.000	0.103	0.281	2.035	2.872
0.000	0.123	0.308	2.154	2.753
0.000	0.145	0.330	2.035	2.274
0.000	0.166	0.351	2.154	2.035
0.000	0.187	0.367	2.154	2.035
0.000	0.209	0.381	2.154	1.676
0.000	0.230	0.392	2.154	1.316
0.000	0.250	0.400	2.035	1.077
0.000	0.269	0.406	1.915	0.718
0.000	0.288	0.408	1.915	0.479
0.000	0.305	0.410	1.915	0.239
0.000	0.320	0.408	1.676	0.120
0.000	0.336	0.407	1.556	-0.120
0.000	0.349	0.402	1.436	-0.359
0.000	0.361	0.397	1.316	-0.359
0.000	0.371	0.391	1.077	-0.598
0.000	0.380	0.383	0.838	-0.718
0.000	0.386	0.376	0.718	-0.838
0.000	0.391	0.367	0.479	-0.838
0.000	0.393	0.357	0.359	-0.957
0.000	0.393	0.347	0.120	-0.957
0.000	0.392	0.337	0.000	-1.077
0.000	0.390	0.325	-0.359	-1.077
0.000	0.386	0.312	-0.359	-1.316
0.000	0.380	0.299	-0.598	-1.316
0.000	0.372	0.284	-0.598	-1.316
0.000	0.362	0.268	-0.838	-1.436
0.000	0.352	0.268	-0.838	-1.436
0.000	0.341	0.268	-0.838	-1.436
0.000	0.341	0.268	-0.838	-1.436
0.000	0.341	0.268	-0.838	-1.436
0.000	0.328	0.232	-1.077	-1.676
0.000	0.314	0.214	-1.197	-1.795
0.000	0.300	0.192	-1.197	-2.035
0.000	0.284	0.171	-1.436	-2.035
0.000	0.268	0.124	-1.676	-2.274
0.000	0.250	0.099	-1.676	-2.394
0.000	0.232	0.074	-1.795	-2.633
0.000	0.214	0.046	-1.795	-2.513
0.000	0.175	-0.008	-2.035	-2.633
0.000	0.153	-0.035	-1.915	-2.753
0.000	0.133	-0.063	-2.154	-2.872
0.000	0.111	-0.090	-2.154	-2.753
0.000	0.089	-0.117	-2.154	-2.633
0.000	0.067	-0.143	-2.154	-2.633
0.000	0.044	-0.168	-2.274	-2.513
0.000	0.021	-0.192	-2.394	-2.394
0.000	-0.003	-0.215	-2.274	-2.274
0.000	-0.025	-0.236	-2.274	-2.274
0.000	-0.049	-0.255	-2.394	-2.154
0.000	-0.073	-0.274	-2.394	-1.915
0.000	-0.097	-0.290	-2.274	-1.795
0.000	-0.121	-0.305	-2.394	-1.556
0.000	-0.143	-0.318	-2.394	-1.436
0.000	-0.166	-0.330	-2.274	-1.316
0.000	-0.187	-0.341	-2.154	-1.197
0.000	-0.207	-0.351	-2.154	-1.077
0.000	-0.227	-0.358	-2.035	-0.838
0.000	-0.246	-0.366	-1.915	-0.718
0.000	-0.264	-0.372	-1.795	-0.718
0.000	-0.280	-0.378	-1.795	-0.598
0.000	-0.295	-0.382	-1.436	-0.479
0.000	-0.309	-0.387	-1.436	-0.479
0.000	-0.320	-0.391	-1.197	-0.359
0.000	-0.339	-0.396	-0.838	-0.239
0.000	-0.346	-0.398	-0.718	-0.239
0.000	-0.354	-0.403	-0.239	-0.239
0.000	-0.354	-0.403	-0.120	-0.120
0.000	-0.352	-0.405	0.120	-0.120
0.000	-0.347	-0.405	0.239	0.000
0.000	-0.342	-0.403	0.359	0.000
0.000	-0.336	-0.401	0.598	0.239
0.000	-0.327	-0.397	0.718	0.239
0.000	-0.317	-0.392	0.957	0.479
0.000	-0.307	-0.386	0.957	0.479
0.000	-0.295	-0.377	1.077	0.718
0.000	-0.281	-0.368	1.316	0.838
0.000	-0.268	-0.358	1.316	0.957
0.000	-0.254	-0.346	1.436	1.197
0.000	-0.238	-0.332	1.556	1.316
0.000	-0.221	-0.317	1.556	1.436
0.000	-0.205	-0.300	1.676	1.676
0.000	-0.187	-0.281	1.676	1.795
0.000	-0.170	-0.261	1.795	1.915
0.000	-0.151	-0.240	1.795	2.154
0.000	-0.133	-0.217	1.915	2.274
0.000	-0.114	-0.194	1.795	2.394
0.000	-0.096	-0.168	1.795	2.394
0.000	-0.077	-0.142	1.915	2.513
0.000	-0.057	-0.116	1.915	2.633
0.000	-0.038	-0.088	1.915	2.753
0.000	-0.019	-0.059	1.915	2.753
0.000	0.000	-0.030	1.915	2.753
0.000	0.019	-0.003	1.915	2.872
0.000	0.038	0.026	1.795	2.872
0.000	0.057	0.054	1.915	2.872
0.000	0.074	0.108	1.915	2.753
0.000	0.093	0.133	1.795	2.513
0.000	0.111	0.158	1.676	2.513
0.000	0.128	0.181	1.795	2.274
0.000	0.146	0.202	1.676	2.274
0.000	0.162	0.221	1.795	1.915
0.000	0.180	0.240	1.556	1.915
0.000	0.196	0.256	1.556	1.556
0.000	0.211	0.270	1.556	1.556
0.000	0.226	0.283	1.436	1.316
0.000	0.240	0.295	1.316	1.077
0.000	0.254	0.304	1.316	1.077
0.000	0.265	0.313	1.197	1.077
0.000	0.276	0.320	1.077	0.718
0.000	0.287	0.325	0.957	0.718
0.000	0.295	0.330	0.957	0.598
0.000	0.303	0.333	0.718	0.359
0.000	0.310	0.336	0.598	0.359
0.000	0.314	0.337	0.359	0.120
0.000	0.318	0.337	0.359	0.120
0.000	0.320	0.336	0.120	0.000
0.000	0.320	0.336	0.120	0.000
0.000	0.320	0.336	0.120	0.000
0.000	0.320	0.336	0.120	0.000
0.000	0.320	0.336	0.120	0.000
0.000	0.320	0.333	0.000	-0.120
0.000	0.318	0.330	-0.120	-0.359
0.000	0.314	0.325	-0.359	-0.359
0.000	0.290	0.288	-0.718	-1.197
0.000	0.283	0.274	-0.838	-1.316
0.000	0.274	0.258	-0.838	-1.556
0.000	0.264	0.241	-0.957	-1.795
0.000	0.254	0.221	-1.077	-1.915
0.000	0.244	0.200	-1.077	-1.915
0.000	0.232	0.177	-1.077	-2.035
0.000	0.220	0.152	-1.077	-2.394
0.000	0.207	0.127	-1.197	-2.633
0.000	0.195	0.099	-1.316	-2.753
0.000	0.182	0.070	-1.316	-2.872
0.000	0.168	0.041	-1.316	-2.992
0.000	0.155	0.011	-1.436	-3.112
0.000	0.141	-0.020	-1.436	-2.992
0.000	0.126	-0.050	-1.436	-3.112
0.000	0.111	-0.082	-1.556	-2.992
0.000	0.096	-0.112	-1.556	-3.112
0.000	0.079	-0.141	-1.676	-2.872
0.000	0.063	-0.170	-1.676	-2.753
0.000	0.046	-0.197	-1.676	-2.633
0.000	0.029	-0.222	-1.795	-2.394
0.000	0.011	-0.246	-1.795	-2.274
0.000	-0.006	-0.269	-1.795	-2.035
0.000	-0.025	-0.289	-1.915	-1.915
0.000	-0.063	-0.324	-1.915	-1.556
0.000	-0.082	-0.338	-1.795	-1.556
0.000	-0.101	-0.351	-1.795	-1.436
0.000	-0.119	-0.361	-1.915	-1.316
0.000	-0.137	-0.369	-1.795	-0.957
0.000	-0.155	-0.376	-1.915	-0.838
0.000	-0.171	-0.381	-1.676	-0.598
0.000	-0.187	-0.385	-1.676	-0.479
0.000	-0.204	-0.387	-1.556	-0.359
0.000	-0.217	-0.388	-1.556	-0.120
0.000	-0.231	-0.388	-1.436	-0.120
0.000	-0.243	-0.387	-1.197	0.000
0.000	-0.254	-0.386	-1.197	0.120
0.000	-0.263	-0.383	-0.957	0.239
0.000	-0.271	-0.381	-0.838	0.239
0.000	-0.278	-0.377	-0.838	0.359
0.000	-0.283	-0.373	-0.479	0.359
0.000	-0.287	-0.368	-0.359	0.479
0.000	-0.288	-0.363	-0.239	0.479
0.000	-0.289	-0.358	-0.120	0.479
0.000	-0.288	-0.353	0.120	0.598
0.000	-0.285	-0.347	0.239	0.598
0.000	-0.276	-0.332	0.359	0.598
0.000	-0.271	-0.323	0.479	0.838
0.000	-0.264	-0.313	0.598	0.957
0.000	-0.255	-0.303	0.718	0.957
0.000	-0.246	-0.278	0.957	1.197
0.000	-0.236	-0.264	1.077	1.316
0.000	-0.225	-0.250	1.077	1.436
0.000	-0.214	-0.235	1.197	1.436
0.000	-0.201	-0.219	1.316	1.556
0.000	-0.187	-0.202	1.316	1.676
0.000	-0.173	-0.185	1.436	1.676
0.000	-0.160	-0.167	1.556	1.795
0.000	-0.145	-0.148	1.556	1.795
0.000	-0.112	-0.129	1.556	1.795
0.000	-0.096	-0.111	1.676	1.915
0.000	-0.079	-0.090	1.676	2.035
0.000	-0.062	-0.070	1.676	1.915
0.000	-0.044	-0.052	1.795	2.035
0.000	-0.026	-0.031	1.676	1.915
0.000	-0.009	-0.011	1.795	2.035
0.000	0.009	0.008	1.795	2.035
0.000	0.026	0.026	1.795	1.915
0.000	0.044	0.045	1.676	1.915
0.000	0.060	0.064	1.795	1.915
0.000	0.078	0.082	1.676	1.795
0.000	0.094	0.098	1.676	1.676
0.000	0.111	0.114	1.676	1.676
0.000	0.127	0.129	1.676	1.556
0.000	0.142	0.143	1.556	1.436
0.000	0.172	0.168	1.436	1.197
0.000	0.186	0.180	1.436	1.197
0.000	0.200	0.190	1.436	1.077
0.000	0.211	0.199	1.197	0.838
0.000	0.222	0.206	1.197	0.838
0.000	0.234	0.214	1.077	0.718
0.000	0.243	0.220	0.957	0.718
0.000	0.251	0.225	0.838	0.598
0.000	0.259	0.230	0.718	0.479
0.000	0.265	0.234	0.718	0.359
0.000	0.270	0.238	0.479	0.359
0.000	0.273	0.240	0.479	0.359
0.000	0.275	0.241	0.359	0.239
0.000	0.276	0.243	0.120	0.120
0.000	0.276	0.243	0.120	0.120
0.000	0.275	0.243	0.000	0.000
0.000	0.273	0.241	-0.120	0.000
0.000	0.269	0.239	-0.359	-0.239
0.000	0.265	0.234	-0.359	-0.239
0.000	0.260	0.229	-0.479	-0.479
0.000	0.254	0.221	-0.479	-0.718
0.000	0.248	0.212	-0.718	-0.718
0.000	0.240	0.202	-0.598	-0.957
0.000	0.232	0.190	-0.838	-1.197
0.000	0.224	0.177	-0.838	-1.197
0.000	0.215	0.162	-0.838	-1.436
0.000	0.205	0.146	-0.957	-1.676
0.000	0.196	0.127	-0.957	-1.676
0.000	0.185	0.108	-0.957	-1.915
0.000	0.175	0.088	-1.077	-2.035
0.000	0.163	0.067	-1.077	-2.154
0.000	0.152	0.044	-1.197	-2.274
0.000	0.141	0.020	-1.197	-2.274
0.000	0.129	-0.004	-1.077	-2.274
0.000	0.117	-0.028	-1.197	-2.394
0.000	0.104	-0.052	-1.197	-2.513
0.000	0.092	-0.077	-1.316	-2.394
0.000	0.079	-0.101	-1.197	-2.394
0.000	0.052	-0.124	-1.436	-2.513
0.000	0.038	-0.147	-1.316	-2.274
0.000	0.024	-0.170	-1.436	-2.274
0.000	0.009	-0.191	-1.436	-2.154
0.000	-0.006	-0.229	-1.556	-1.915
0.000	-0.021	-0.246	-1.436	-1.795
0.000	-0.036	-0.261	-1.436	-1.676
0.000	-0.052	-0.275	-1.556	-1.436
0.000	-0.067	-0.288	-1.436	-1.316
0.000	-0.080	-0.299	-1.556	-1.077
0.000	-0.096	-0.309	-1.436	-0.957
0.000	-0.109	-0.317	-1.436	-0.957
0.000	-0.123	-0.324	-1.436	-0.598
0.000	-0.137	-0.329	-1.316	-0.598
0.000	-0.150	-0.333	-1.316	-0.598
0.000	-0.161	-0.337	-1.197	-0.479
0.000	-0.172	-0.339	-1.197	-0.239
0.000	-0.182	-0.341	-1.077	-0.239
0.000	-0.192	-0.341	-1.077	-0.120
0.000	-0.200	-0.341	-0.838	0.000
0.000	-0.207	-0.339	-0.838	0.000
0.000	-0.214	-0.338	-0.718	0.120
0.000	-0.217	-0.337	-0.479	0.239
0.000	-0.221	-0.333	-0.479	0.120
0.000	-0.224	-0.330	-0.239	0.359
0.000	-0.225	-0.327	-0.239	0.359
0.000	-0.225	-0.323	0.000	0.359
0.000	-0.224	-0.318	0.120	0.359
0.000	-0.221	-0.313	0.239	0.479
0.000	-0.217	-0.307	0.239	0.598
0.000	-0.214	-0.300	0.359	0.718
0.000	-0.209	-0.292	0.598	0.718
0.000	-0.202	-0.283	0.598	0.957
0.000	-0.196	-0.273	0.598	0.957
0.000	-0.188	-0.261	0.718	1.197
0.000	-0.181	-0.249	0.838	1.197
0.000	-0.172	-0.236	0.838	1.197
0.000	-0.162	-0.222	0.838	1.316
0.000	-0.153	-0.207	0.957	1.316
0.000	-0.142	-0.191	0.957	1.556
0.000	-0.132	-0.176	0.957	1.556
0.000	-0.121	-0.158	1.077	1.676
0.000	-0.109	-0.141	1.197	1.676
0.000	-0.097	-0.123	1.077	1.795
0.000	-0.085	-0.104	1.316	1.795
0.000	-0.073	-0.085	1.197	1.915
0.000	-0.060	-0.068	1.316	1.795
0.000	-0.046	-0.049	1.197	1.915
0.000	-0.034	-0.030	1.316	1.795
0.000	-0.020	-0.011	1.316	1.915
0.000	-0.008	0.006	1.316	1.795
0.000	0.006	0.025	1.436	1.795
0.000	0.020	0.041	1.316	1.795
0.000	0.033	0.059	1.316	1.676
0.000	0.046	0.074	1.316	1.556
0.000	0.072	0.104	1.316	1.436
0.000	0.085	0.118	1.316	1.436
0.000	0.097	0.131	1.197	1.436
0.000	0.109	0.142	1.316	1.197
0.000	0.121	0.152	1.197	1.077
0.000	0.133	0.162	1.197	1.077
0.000	0.143	0.170	1.077	0.838
0.000	0.155	0.177	1.077	0.838
0.000	0.165	0.182	1.077	0.718
0.000	0.173	0.187	0.957	0.479
0.000	0.182	0.191	0.838	0.479
0.000	0.190	0.194	0.838	0.239
0.000	0.197	0.196	0.718	0.239
0.000	0.204	0.196	0.718	0.120
0.000	0.209	0.196	0.598	0.000
0.000	0.214	0.196	0.479	0.000
0.000	0.216	0.195	0.359	-0.120
0.000	0.220	0.192	0.239	-0.239
0.000	0.221	0.188	0.239	-0.239
0.000	0.221	0.186	0.000	-0.359
0.000	0.221	0.181	0.000	-0.479
0.000	0.220	0.176	-0.120	-0.479
0.000	0.217	0.170	-0.120	-0.479
0.000	0.215	0.162	-0.239	-0.598
0.000	0.211	0.155	-0.239	-0.718
0.000	0.207	0.145	-0.359	-0.838
0.000	0.202	0.134	-0.479	-0.957
0.000	0.197	0.122	-0.479	-1.197
0.000	0.192	0.109	-0.479	-1.197
0.000	0.186	0.096	-0.598	-1.316
0.000	0.180	0.080	-0.598	-1.436
0.000	0.172	0.064	-0.718	-1.556
0.000	0.165	0.048	-0.718	-1.676
0.000	0.157	0.030	-0.718	-1.676
0.000	0.150	0.013	-0.838	-1.676
0.000	0.141	-0.006	-0.838	-1.915
0.000	0.131	-0.025	-0.838	-1.795
0.000	0.122	-0.043	-0.957	-1.915
0.000	0.112	-0.062	-0.957	-1.795
0.000	0.102	-0.080	-1.077	-1.795
0.000	0.090	-0.098	-1.077	-1.915
0.000	0.080	-0.116	-1.077	-1.795
0.000	0.069	-0.133	-1.077	-1.676
0.000	0.057	-0.150	-1.077	-1.676
0.000	0.045	-0.165	-1.197	-1.556
0.000	0.033	-0.178	-1.197	-1.556
0.000	0.020	-0.192	-1.316	-1.436
0.000	0.008	-0.204	-1.197	-1.316
0.000	-0.005	-0.215	-1.316	-1.197
0.000	-0.019	-0.225	-1.197	-0.957
0.000	-0.031	-0.234	-1.316	-0.957
0.000	-0.044	-0.241	-1.316	-0.838
0.000	-0.057	-0.248	-1.316	-0.718
0.000	-0.069	-0.253	-1.197	-0.598
0.000	-0.082	-0.258	-1.316	-0.479
0.000	-0.093	-0.261	-1.197	-0.359
0.000	-0.104	-0.263	-1.077	-0.359
0.000	-0.116	-0.265	-1.077	-0.239
0.000	-0.126	-0.266	-1.077	-0.120
0.000	-0.136	-0.266	-0.957	0.000
0.000	-0.143	-0.266	-0.838	0.000
0.000	-0.152	-0.266	-0.838	0.000
0.000	-0.158	-0.265	-0.718	0.120
0.000	-0.165	-0.264	-0.598	0.120
0.000	-0.170	-0.263	-0.598	0.120
0.000	-0.173	-0.261	-0.479	0.120
0.000	-0.176	-0.259	-0.359	0.120
0.000	-0.177	-0.258	-0.239	0.239
0.000	-0.178	-0.256	-0.120	0.120
0.000	-0.178	-0.254	-0.120	0.239
0.000	-0.176	-0.251	0.120	0.239
0.000	-0.175	-0.248	0.120	0.239
0.000	-0.171	-0.245	0.239	0.239
0.000	-0.167	-0.241	0.359	0.479
0.000	-0.163	-0.235	0.359	0.479
0.000	-0.158	-0.230	0.479	0.479
0.000	-0.152	-0.222	0.479	0.598
0.000	-0.147	-0.215	0.598	0.838
0.000	-0.141	-0.206	0.718	0.718
0.000	-0.133	-0.197	0.598	0.957
0.000	-0.126	-0.187	0.838	0.957
0.000	-0.118	-0.177	0.718	1.077
0.000	-0.109	-0.166	0.838	1.077
0.000	-0.101	-0.153	0.838	1.197
0.000	-0.092	-0.141	0.957	1.316
0.000	-0.083	-0.128	0.957	1.316
0.000	-0.074	-0.114	0.838	1.197
0.000	-0.064	-0.101	0.957	1.436
0.000	-0.054	-0.087	0.957	1.316
0.000	-0.044	-0.072	0.957	1.436
0.000	-0.035	-0.057	1.077	1.556
0.000	-0.025	-0.041	0.957	1.436
0.000	-0.015	-0.026	0.957	1.556
0.000	-0.005	-0.011	1.077	1.436
0.000	0.005	0.003	0.957	1.556
0.000	0.015	0.018	0.957	1.436
0.000	0.025	0.031	0.957	1.436
0.000	0.035	0.045	0.957	1.316
0.000	0.089	0.072	0.957	1.197
0.000	0.097	0.084	0.838	1.316
0.000	0.104	0.096	0.838	1.077
0.000	0.112	0.106	0.718	1.197
0.000	0.118	0.116	0.838	0.957
0.000	0.126	0.139	0.718	0.718
0.000	0.131	0.146	0.718	0.718
0.000	0.137	0.151	0.718	0.598
0.000	0.142	0.156	0.598	0.598
0.000	0.146	0.158	0.598	0.359
0.000	0.150	0.162	0.479	0.120
0.000	0.153	0.162	0.359	0.120
0.000	0.156	0.162	0.359	0.000
0.000	0.158	0.161	0.359	-0.120
0.000	0.160	0.158	0.239	-0.120
0.000	0.161	0.155	0.239	-0.359
0.000	0.161	0.151	0.000	-0.359
0.000	0.160	0.146	0.120	-0.359
0.000	0.160	0.141	0.000	-0.598
0.000	0.157	0.117	-0.120	-0.718
0.000	0.156	0.108	-0.239	-0.838
0.000	0.153	0.097	-0.239	-0.957
0.000	0.151	0.085	-0.239	-1.077
0.000	0.148	0.072	-0.239	-1.197
0.000	0.145	0.058	-0.359	-1.316
0.000	0.141	0.044	-0.359	-1.316
0.000	0.137	0.029	-0.359	-1.316
0.000	0.133	0.013	-0.359	-1.556
0.000	0.129	-0.004	-0.479	-1.436
0.000	0.124	-0.020	-0.359	-1.676
0.000	0.119	-0.036	-0.598	-1.556
0.000	0.113	-0.054	-0.479	-1.676
0.000	0.101	-0.070	-0.598	-1.676
0.000	0.094	-0.087	-0.598	-1.676
0.000	0.088	-0.103	-0.718	-1.676
0.000	0.080	-0.118	-0.598	-1.676
0.000	0.073	-0.133	-0.838	-1.556
0.000	0.064	-0.147	-0.838	-1.436
0.000	0.057	-0.161	-0.718	-1.436
0.000	0.048	-0.172	-0.957	-1.316
0.000	0.039	-0.183	-0.838	-1.316
0.000	0.029	-0.194	-0.957	-1.077
0.000	0.029	-0.194	-0.957	-1.077
0.000	0.029	-0.194	-0.957	-1.077
0.000	0.029	-0.194	-0.957	-1.077
0.000	0.019	-0.202	-0.957	-0.838
0.000	0.010	-0.210	-0.957	-0.838
0.000	0.000	-0.216	-0.957	-0.598
0.000	-0.010	-0.221	-0.957	-0.598
0.000	-0.040	-0.231	-0.957	-0.239
0.000	-0.050	-0.231	-1.077	-0.239
0.000	-0.060	-0.232	-0.957	-0.120
0.000	-0.069	-0.231	-0.957	0.000
0.000	-0.078	-0.230	-0.838	0.120
0.000	-0.085	-0.229	-0.838	0.120
0.000	-0.094	-0.226	-0.838	0.239
0.000	-0.101	-0.224	-0.718	0.239
0.000	-0.107	-0.216	-0.718	0.359
0.000	-0.113	-0.212	-0.598	0.359
0.000	-0.118	-0.210	-0.598	0.239
0.000	-0.123	-0.206	-0.479	0.359
0.000	-0.126	-0.202	-0.359	0.479
0.000	-0.129	-0.199	-0.239	0.359
0.000	-0.132	-0.188	-0.120	0.359
0.000	-0.131	-0.185	0.120	0.359
0.000	-0.129	-0.181	0.120	0.359
0.000	-0.127	-0.177	0.120	0.359
0.000	-0.124	-0.172	0.239	0.359
0.000	-0.121	-0.167	0.359	0.479
0.000	-0.117	-0.161	0.239	0.479
0.000	-0.113	-0.155	0.479	0.479
0.000	-0.108	-0.148	0.359	0.598
0.000	-0.103	-0.141	0.479	0.718
0.000	-0.098	-0.133	0.479	0.598
0.000	-0.093	-0.126	0.598	0.838
0.000	-0.087	-0.117	0.598	0.718
0.000	-0.080	-0.108	0.598	0.838
0.000	-0.074	-0.099	0.598	0.838
0.000	-0.067	-0.089	0.598	0.957
0.000	-0.060	-0.080	0.718	0.957
0.000	-0.053	-0.070	0.718	0.957
0.000	-0.046	-0.060	0.718	0.957
0.000	-0.039	-0.050	0.718	0.957
0.000	-0.031	-0.040	0.838	0.957
0.000	-0.024	-0.030	0.718	1.077
0.000	-0.016	-0.020	0.718	0.957
0.000	-0.009	-0.010	0.718	0.957
0.000	-0.001	0.000	0.718	0.957
0.000	0.006	0.010	0.838	1.077
0.000	0.014	0.019	0.718	0.957
0.000	0.020	0.028	0.718	0.957
0.000	0.028	0.036	0.718	0.957
0.000	0.035	0.045	0.718	0.838
0.000	0.041	0.053	0.718	0.838
0.000	0.048	0.060	0.598	0.838
0.000	0.054	0.068	0.598	0.838
0.000	0.077	0.085	0.479	0.598
0.000	0.082	0.090	0.479	0.479
0.000	0.087	0.096	0.479	0.479
0.000	0.090	0.099	0.359	0.359
0.000	0.094	0.102	0.479	0.359
0.000	0.098	0.104	0.239	0.239
0.000	0.101	0.106	0.359	0.120
0.000	0.103	0.107	0.239	0.120
0.000	0.106	0.108	0.239	0.120
0.000	0.107	0.107	0.239	0.000
0.000	0.108	0.106	0.120	-0.120
0.000	0.108	0.104	0.120	-0.120
0.000	0.108	0.101	0.000	-0.239
0.000	0.108	0.098	0.000	-0.239
0.000	0.108	0.093	0.000	-0.359
0.000	0.107	0.088	0.000	-0.479
0.000	0.104	0.082	-0.120	-0.598
0.000	0.103	0.075	-0.120	-0.598
0.000	0.101	0.067	-0.239	-0.838
0.000	0.099	0.058	-0.120	-0.838
0.000	0.097	0.048	-0.239	-0.957
0.000	0.096	0.038	-0.239	-0.957
0.000	0.093	0.025	-0.120	-1.197
0.000	0.090	0.014	-0.359	-1.197
0.000	0.088	0.000	-0.120	-1.316
0.000	0.085	-0.013	-0.359	-1.316
0.000	0.083	-0.026	-0.239	-1.316
0.000	0.079	-0.040	-0.239	-1.436
0.000	0.077	-0.054	-0.359	-1.436
0.000	0.073	-0.068	-0.359	-1.316
0.000	0.069	-0.082	-0.359	-1.436
0.000	0.065	-0.096	-0.359	-1.316
0.000	0.062	-0.108	-0.359	-1.316
0.000	0.057	-0.121	-0.479	-1.316
0.000	0.052	-0.133	-0.479	-1.316
0.000	0.048	-0.145	-0.479	-1.197
0.000	0.041	-0.155	-0.479	-1.077
0.000	0.036	-0.165	-0.479	-0.957
0.000	0.031	-0.173	-0.598	-0.957
0.000	0.025	-0.181	-0.598	-0.838
0.000	0.019	-0.187	-0.598	-0.718
0.000	0.013	-0.194	-0.598	-0.598
0.000	0.006	-0.199	-0.598	-0.598
0.000	0.000	-0.202	-0.718	-0.359
0.000	-0.006	-0.205	-0.598	-0.359
0.000	-0.013	-0.207	-0.598	-0.120
0.000	-0.019	-0.207	-0.718	-0.120
0.000	-0.025	-0.207	-0.598	0.000
0.000	-0.031	-0.207	-0.598	0.000
0.000	-0.038	-0.206	-0.598	0.120
0.000	-0.044	-0.204	-0.598	0.120
0.000	-0.049	-0.201	-0.598	0.239
0.000	-0.054	-0.197	-0.598	0.239
0.000	-0.059	-0.195	-0.479	0.359
0.000	-0.064	-0.190	-0.479	0.359
0.000	-0.068	-0.186	-0.479	0.479
0.000	-0.070	-0.181	-0.359	0.359
0.000	-0.074	-0.176	-0.239	0.479
0.000	-0.077	-0.171	-0.359	0.479
0.000	-0.078	-0.166	-0.120	0.598
0.000	-0.079	-0.161	-0.239	0.479
0.000	-0.080	-0.156	-0.120	0.479
0.000	-0.080	-0.151	0.000	0.479
0.000	-0.080	-0.147	0.000	0.479
0.000	-0.079	-0.142	0.120	0.479
0.000	-0.077	-0.137	0.120	0.479
0.000	-0.075	-0.132	0.239	0.598
0.000	-0.074	-0.126	0.120	0.479
0.000	-0.072	-0.121	0.239	0.598
0.000	-0.069	-0.114	0.239	0.598
0.000	-0.065	-0.107	0.359	0.718
0.000	-0.060	-0.093	0.239	0.718
0.000	-0.057	-0.085	0.359	0.718
0.000	-0.053	-0.078	0.359	0.718
0.000	-0.049	-0.070	0.359	0.838
0.000	-0.045	-0.062	0.359	0.718
0.000	-0.041	-0.054	0.359	0.838
0.000	-0.036	-0.045	0.359	0.718
0.000	-0.033	-0.038	0.479	0.838
0.000	-0.029	-0.030	0.359	0.718
0.000	-0.024	-0.023	0.479	0.838
0.000	-0.020	-0.015	0.479	0.718
0.000	-0.015	-0.008	0.479	0.718
0.000	-0.010	-0.001	0.479	0.718
0.000	-0.005	0.005	0.479	0.718
0.000	-0.001	0.011	0.479	0.598
0.000	0.004	0.018	0.359	0.598
0.000	0.009	0.024	0.479	0.598
0.000	0.014	0.029	0.479	0.479
0.000	0.018	0.033	0.479	0.479
0.000	0.023	0.038	0.479	0.479
0.000	0.026	0.041	0.479	0.479
0.000	0.031	0.045	0.479	0.359
0.000	0.035	0.048	0.359	0.359
0.000	0.039	0.050	0.359	0.239
0.000	0.043	0.052	0.479	0.239
0.000	0.046	0.054	0.359	0.239
0.000	0.050	0.055	0.359	0.120
0.000	0.053	0.055	0.239	0.120
0.000	0.055	0.057	0.359	0.120
0.000	0.058	0.057	0.239	0.000
0.000	0.060	0.057	0.239	0.000
0.000	0.063	0.055	0.239	0.000
0.000	0.064	0.055	0.120	-0.120
0.000	0.065	0.054	0.120	-0.120
0.000	0.065	0.053	0.120	-0.120
0.000	0.067	0.050	0.120	-0.120
0.000	0.067	0.049	0.000	-0.239
0.000	0.067	0.046	0.000	-0.239
0.000	0.065	0.044	-0.120	-0.239
0.000	0.065	0.040	0.000	-0.359
0.000	0.064	0.036	-0.120	-0.359
0.000	0.064	0.031	-0.120	-0.359
0.000	0.062	0.026	-0.120	-0.479
0.000	0.062	0.021	-0.120	-0.479
0.000	0.059	0.009	0.000	-0.598
0.000	0.058	0.001	-0.120	-0.718
0.000	0.052	-0.034	-0.120	-0.957
0.000	0.050	-0.044	-0.120	-0.957
0.000	0.049	-0.053	-0.120	-0.957
0.000	0.048	-0.063	-0.120	-0.957
0.000	0.046	-0.073	-0.239	-0.957
0.000	0.044	-0.083	-0.120	-0.957
0.000	0.043	-0.092	-0.239	-0.957
0.000	0.040	-0.102	-0.239	-0.957
0.000	0.038	-0.111	-0.120	-0.957
0.000	0.035	-0.119	-0.239	-0.838
0.000	0.034	-0.127	-0.239	-0.718
0.000	0.030	-0.134	-0.239	-0.838
0.000	0.029	-0.141	-0.359	-0.838
0.000	0.025	-0.147	-0.359	-0.718
0.000	0.023	-0.153	-0.239	-0.598
0.000	0.019	-0.158	-0.239	-0.479
0.000	0.016	-0.162	-0.359	-0.598
0.000	0.013	-0.166	-0.359	-0.359
0.000	0.010	-0.168	-0.239	-0.359
0.000	0.006	-0.171	-0.359	-0.239
0.000	0.003	-0.172	-0.359	-0.120
0.000	0.000	-0.172	-0.359	-0.120
0.000	-0.004	-0.172	-0.239	0.000
0.000	-0.008	-0.172	-0.359	0.000
0.000	-0.010	-0.172	-0.359	0.120
0.000	-0.014	-0.172	-0.359	0.120
0.000	-0.016	-0.172	-0.239	0.239
0.000	-0.019	-0.171	-0.359	0.239
0.000	-0.021	-0.166	-0.239	0.359
0.000	-0.024	-0.163	-0.239	0.359
0.000	-0.026	-0.161	-0.239	0.359
0.000	-0.028	-0.157	-0.120	0.359
0.000	-0.030	-0.153	-0.239	0.359
0.000	-0.030	-0.150	0.000	0.479
0.000	-0.031	-0.145	0.000	0.479
0.000	-0.033	-0.141	-0.120	0.479
0.000	-0.033	-0.136	-0.120	0.359
0.000	-0.033	-0.132	0.000	0.479
0.000	-0.033	-0.118	0.000	0.479
0.000	-0.031	-0.114	0.000	0.479
0.000	-0.031	-0.109	0.120	0.479
0.000	-0.029	-0.099	0.000	0.479
0.000	-0.028	-0.093	0.120	0.479
0.000	-0.026	-0.088	0.120	0.598
0.000	-0.025	-0.082	0.120	0.598
0.000	-0.024	-0.075	0.120	0.598
0.000	-0.023	-0.068	0.120	0.718
0.000	-0.021	-0.062	0.120	0.598
0.000	-0.019	-0.046	0.120	0.718
0.000	-0.018	-0.040	0.120	0.718
0.000	-0.016	-0.033	0.120	0.718
0.000	-0.015	-0.025	0.239	0.718
0.000	-0.014	-0.019	0.120	0.718
0.000	-0.013	-0.013	0.120	0.718
0.000	-0.011	-0.005	0.120	0.718
0.000	-0.010	0.000	0.120	0.718
0.000	-0.008	0.006	0.239	0.598
0.000	-0.006	0.011	0.120	0.598
0.000	-0.004	0.016	0.120	0.598
0.000	-0.003	0.020	0.239	0.479
0.000	0.000	0.025	0.120	0.479
0.000	0.001	0.028	0.239	0.479
0.000	0.004	0.030	0.239	0.239
0.000	0.005	0.033	0.239	0.239
0.000	0.008	0.035	0.120	0.239
0.000	0.010	0.035	0.239	0.120
0.000	0.011	0.036	0.239	0.120
0.000	0.014	0.036	0.239	0.000
0.000	0.015	0.036	0.120	0.000
0.000	0.018	0.035	0.239	-0.120
0.000	0.020	0.034	0.120	-0.120
0.000	0.021	0.033	0.239	-0.120
0.000	0.023	0.030	0.120	-0.239
0.000	0.025	0.025	0.120	-0.120
0.000	0.026	0.023	0.120	-0.359
0.000	0.028	0.020	0.120	-0.239
0.000	0.029	0.016	0.120	-0.239
0.000	0.029	0.014	0.120	-0.359
0.000	0.029	0.010	0.000	-0.359
